         0    0.1446    1.4404    4.2689   -9.2554   -2.8426    0.2229   -2.5650  -10.8490
# This is a test comment
    0.0040   -0.1554    0.1404    3.3689  -10.5550   -2.0426  -21.7770  -16.5650   -6.8493
    0.0080    2.1446    0.5404    4.4689   -7.7554    0.1574   -3.7771   -8.5650  -18.8490
    0.0120    1.9446   -2.2596    0.8689   -8.5554    0.4574  -11.7770  -20.5650  -28.8490
    0.0160    3.3446   -0.7596    2.2689   -6.9554    1.6574   -9.7771  -26.5650  -28.8490
    0.0200    3.0446   -2.3596    2.5689   -7.7554    1.6574   -5.7771  -32.5650  -30.8490
                                        # And this too
    0.0240    4.1446   -3.8596    3.1689   -6.8554    1.8574  -13.7770  -40.5650  -54.8490
    0.0280    4.0446   -4.7596    3.2689   -8.6554    2.7574  -13.7770  -36.5650  -34.8490
    0.0320    5.9446   -2.8596    3.1689   -5.2554    4.4574   -3.7771  -24.5650  -32.8490
    0.0360    2.9446   -3.4596    0.7689   -7.3554    3.8574   -3.7771  -24.5650  -36.8490